function elNos = brokenElementsDoppler1()

elNos = [1,36,69,187,211];
elNos = [elNos,25,42,45,48,58,75,76,86,98,100,112,126,152,168,169,215,221,239];