% Sets up the pin numbers for the doppler array
matA = zeros(8,32);
matA(:) = 1:256;
matA = matA';

matB = zeros(32,8);
matB(:) = 1:256;

verasonicsMapping = [93,94,95,96,97,98,99,100;
92,91,90,89,104,103,102,101;
85,86,87,88,105,106,107,108;
84,83,82,81,112,111,110,109;
77,78,79,80,113,114,115,116;
76,75,74,73,120,119,118,117;
69,70,71,72,121,122,123,124;
68,67,66,65,128,127,126,125;
4,3,2,1,64,63,62,61;
5,6,7,8,57,58,59,60;
12,11,10,9,56,55,54,53;
13,14,15,16,49,50,51,52;
20,19,18,17,48,7,46,45;
21,22,23,24,41,42,43,44;
28,27,26,25,40,39,38,37;
29,30,31,32,33,34,35,36;
221,222,223,224,225,226,227,228;
220,219,218,217,232,231,230,229;
213,214,215,216,233,234,235,236;
212,211,210,209,240,239,238,237;
205,206,207,208,241,242,243,244;
204,203,202,201,248,247,246,245;
197,198,199,200,249,250,251,252;
196,195,194,193,256,255,254,253;
132,131,130,129,192,191,190,189;
133,134,135,136,185,186,187,188;
140,139,138,137,184,183,182,181;
141,142,143,144,177,178,179,180;
148,147,146,145,176,135,174,173;
149,150,151,152,169,170,171,172;
156,155,154,153,168,167,166,165;
157,158,159,160,161,162,163,164];